428,1,0,0:0:0:0:
1285,1,0,0:0:0:0:
2142,1,0,0:0:0:0:
2357,1,0,0:0:0:0:
3000,1,0,0:0:0:0:
3857,1,0,0:0:0:0:
4714,1,0,0:0:0:0:
5571,1,0,0:0:0:0:
5785,1,0,0:0:0:0:
6428,1,0,0:0:0:0:
7285,1,0,0:0:0:0:
8142,1,0,0:0:0:0:
9000,1,0,0:0:0:0:
9214,1,0,0:0:0:0:
9857,1,0,0:0:0:0:
10714,1,0,0:0:0:0:
11571,1,0,0:0:0:0:
12428,1,0,0:0:0:0:
12642,1,0,0:0:0:0:
13285,1,0,0:0:0:0:
13714,1,0,0:0:0:0:
14142,1,0,0:0:0:0:
14571,1,0,0:0:0:0:
15000,1,0,0:0:0:0:
15428,1,0,0:0:0:0:
16285,1,0,0:0:0:0:
16714,1,0,0:0:0:0:
17142,1,0,0:0:0:0:
17571,1,0,0:0:0:0:
18000,1,0,0:0:0:0:
18428,1,0,0:0:0:0:
18857,1,0,0:0:0:0:
19714,1,0,0:0:0:0:
20142,1,0,0:0:0:0:
20571,128,0,21000:0:0:0:0:
21428,1,0,0:0:0:0:
21857,1,0,0:0:0:0:
22285,128,0,22714:0:0:0:0:
22928,1,0,0:0:0:0:
23571,1,0,0:0:0:0:
24000,1,0,0:0:0:0:
24428,1,0,0:0:0:0:
24642,1,0,0:0:0:0:
24857,1,0,0:0:0:0:
25285,1,0,0:0:0:0:
25714,1,0,0:0:0:0:
26571,1,0,0:0:0:0:
27000,1,0,0:0:0:0:
27428,1,0,0:0:0:0:
28285,1,0,0:0:0:0:
28714,1,0,0:0:0:0:
29142,1,0,0:0:0:0:
30000,1,0,0:0:0:0:
30428,128,0,30857:0:0:0:0:
31285,1,0,0:0:0:0:
31714,128,0,32142:0:0:0:0:
32571,1,0,0:0:0:0:
33000,1,0,0:0:0:0:
33428,1,0,0:0:0:0:
33857,1,0,0:0:0:0:
34285,128,0,34714:0:0:0:0:
35142,1,0,0:0:0:0:
35571,128,0,36000:0:0:0:0:
36428,1,0,0:0:0:0:
36857,128,0,37285:0:0:0:0:
37714,1,0,0:0:0:0:
38142,128,0,39000:0:0:0:0:
39428,1,0,0:0:0:0:
39857,128,0,40714:0:0:0:0:
41142,128,0,42000:0:0:0:0:
42428,1,0,0:0:0:0:
42857,128,0,43714:0:0:0:0:
44142,1,0,0:0:0:0:
44571,1,0,0:0:0:0:
45000,1,0,0:0:0:0:
45428,1,0,0:0:0:0:
45857,1,0,0:0:0:0:
46285,128,0,46714:0:0:0:0:
47142,1,0,0:0:0:0:
47571,1,0,0:0:0:0:
48000,128,0,48428:0:0:0:0:
48857,1,0,0:0:0:0:
49285,1,0,0:0:0:0:
49714,128,0,50571:0:0:0:0:
51000,1,0,0:0:0:0:
51428,128,0,52285:0:0:0:0:
52714,1,0,0:0:0:0:
53142,128,0,54000:0:0:0:0:
54428,1,0,0:0:0:0:
54857,1,0,0:0:0:0:
55285,1,0,0:0:0:0:
55714,1,0,0:0:0:0:
56142,1,0,0:0:0:0:
56571,1,0,0:0:0:0:
57000,1,0,0:0:0:0:
57428,1,0,0:0:0:0:
57857,1,0,0:0:0:0:
58285,128,0,59571:0:0:0:0:
60000,1,0,0:0:0:0:
60428,1,0,0:0:0:0:
60857,1,0,0:0:0:0:
61285,1,0,0:0:0:0:
61714,128,0,62142:0:0:0:0:
62571,128,0,63000:0:0:0:0:
63428,128,0,63857:0:0:0:0:
64285,128,0,64714:0:0:0:0:
65142,1,0,0:0:0:0:
65571,1,0,0:0:0:0:
66000,128,0,66428:0:0:0:0:
66857,1,0,0:0:0:0:
67285,128,0,67714:0:0:0:0:
68142,1,0,0:0:0:0:
68571,1,0,0:0:0:0:
69000,1,0,0:0:0:0:
69428,1,0,0:0:0:0:
69857,1,0,0:0:0:0:
70285,128,0,71142:0:0:0:0:
71571,1,0,0:0:0:0:
72000,128,0,72857:0:0:0:0:
73285,1,0,0:0:0:0:
73714,1,0,0:0:0:0:
74142,1,0,0:0:0:0:
74571,1,0,0:0:0:0:
75000,1,0,0:0:0:0:
75428,128,0,75857:0:0:0:0:
76285,1,0,0:0:0:0:
76714,1,0,0:0:0:0:
77142,128,0,77571:0:0:0:0:
78000,1,0,0:0:0:0:
78428,1,0,0:0:0:0:
78857,128,0,79285:0:0:0:0:
79714,128,0,80142:0:0:0:0:
80571,128,0,81857:0:0:0:0:
82285,128,0,82714:0:0:0:0:
83142,1,0,0:0:0:0:
83571,1,0,0:0:0:0:
84000,1,0,0:0:0:0:
84428,1,0,0:0:0:0:
84642,1,0,0:0:0:0:
85285,1,0,0:0:0:0:
85714,1,0,0:0:0:0:
86142,1,0,0:0:0:0:
86357,1,0,0:0:0:0:
87000,1,0,0:0:0:0:
87428,128,0,87857:0:0:0:0:
88071,1,0,0:0:0:0:
88714,1,0,0:0:0:0:
89142,1,0,0:0:0:0:
89571,1,0,0:0:0:0:
89785,1,0,0:0:0:0:
90428,1,0,0:0:0:0:
90857,1,0,0:0:0:0:
91285,1,0,0:0:0:0:
91500,1,0,0:0:0:0:
92142,1,0,0:0:0:0:
92571,1,0,0:0:0:0:
93000,1,0,0:0:0:0:
93214,1,0,0:0:0:0:
93857,1,0,0:0:0:0:
94285,1,0,0:0:0:0:
94714,1,0,0:0:0:0:
94928,1,0,0:0:0:0:
95571,1,0,0:0:0:0:
96000,1,0,0:0:0:0:
96428,1,0,0:0:0:0:
96857,1,0,0:0:0:0:
97285,1,0,0:0:0:0:
97714,128,0,99000:0:0:0:0:
99428,1,0,0:0:0:0:
99857,1,0,0:0:0:0:
100285,1,0,0:0:0:0:
100714,1,0,0:0:0:0:
101142,128,0,102428:0:0:0:0:
102857,1,0,0:0:0:0:
103285,1,0,0:0:0:0:
103714,1,0,0:0:0:0:
104142,1,0,0:0:0:0:
104571,128,0,105857:0:0:0:0:
106285,1,0,0:0:0:0:
106714,1,0,0:0:0:0:
107142,1,0,0:0:0:0:
107571,1,0,0:0:0:0:
108000,128,0,109285:0:0:0:0:
109714,1,0,0:0:0:0:
110142,128,0,110571:0:0:0:0:
111000,1,0,0:0:0:0:
111428,128,0,111857:0:0:0:0:
112285,1,0,0:0:0:0:
112714,128,0,113142:0:0:0:0:
113571,1,0,0:0:0:0:
114000,128,0,114428:0:0:0:0:
114857,1,0,0:0:0:0:
115285,1,0,0:0:0:0:
115714,1,0,0:0:0:0:
116142,1,0,0:0:0:0:
116571,1,0,0:0:0:0:
117000,128,0,117428:0:0:0:0:
117857,1,0,0:0:0:0:
118285,128,0,118714:0:0:0:0:
119142,1,0,0:0:0:0:
119571,128,0,120000:0:0:0:0:
120428,1,0,0:0:0:0:
120857,128,0,121285:0:0:0:0:
121714,1,0,0:0:0:0:
122142,1,0,0:0:0:0:
122571,1,0,0:0:0:0:
123000,1,0,0:0:0:0:
123428,128,0,123857:0:0:0:0:
124285,128,0,124714:0:0:0:0:
125142,128,0,125571:0:0:0:0:
126000,128,0,126428:0:0:0:0:
126857,1,0,0:0:0:0:
127285,128,0,127714:0:0:0:0:
128142,1,0,0:0:0:0:
128571,128,0,129000:0:0:0:0:
129428,1,0,0:0:0:0:
129857,1,0,0:0:0:0:
130285,128,0,130714:0:0:0:0:
130928,1,0,0:0:0:0:
131142,1,0,0:0:0:0:
131571,1,0,0:0:0:0:
132000,1,0,0:0:0:0:
132428,1,0,0:0:0:0:
132642,1,0,0:0:0:0:
133285,1,0,0:0:0:0:
133714,1,0,0:0:0:0:
134142,1,0,0:0:0:0:
134357,1,0,0:0:0:0:
135000,1,0,0:0:0:0:
135428,1,0,0:0:0:0:
135857,1,0,0:0:0:0:
136285,1,0,0:0:0:0:
136714,1,0,0:0:0:0:
137142,1,0,0:0:0:0:
137571,1,0,0:0:0:0:
138000,1,0,0:0:0:0:
138428,1,0,0:0:0:0:
138857,1,0,0:0:0:0:
139285,1,0,0:0:0:0:
139500,1,0,0:0:0:0:
140142,1,0,0:0:0:0:
140571,128,0,141857:0:0:0:0:
142285,128,0,143571:0:0:0:0:
144000,1,0,0:0:0:0:
144428,1,0,0:0:0:0:
144857,1,0,0:0:0:0:
145285,1,0,0:0:0:0:
145714,128,0,147000:0:0:0:0:
147428,1,0,0:0:0:0:
147857,1,0,0:0:0:0:
148285,1,0,0:0:0:0:
148714,1,0,0:0:0:0:
149142,128,0,150428:0:0:0:0:
150857,1,0,0:0:0:0:
151285,1,0,0:0:0:0:
152142,1,0,0:0:0:0:
152571,1,0,0:0:0:0:
153428,1,0,0:0:0:0:
153857,1,0,0:0:0:0:
154285,1,0,0:0:0:0:
154714,128,0,155142:0:0:0:0:
155571,1,0,0:0:0:0:
156000,128,0,156428:0:0:0:0:
156857,1,0,0:0:0:0:
157285,1,0,0:0:0:0:
157714,1,0,0:0:0:0:
158571,1,0,0:0:0:0:
159428,1,0,0:0:0:0:
160285,1,0,0:0:0:0:
161142,1,0,0:0:0:0:
162000,1,0,0:0:0:0:
162857,1,0,0:0:0:0:
163714,1,0,0:0:0:0:
164142,1,0,0:0:0:0:
