osu file format v14

[General]
AudioFilename: audio.mp3
AudioLeadIn: 0
PreviewTime: -1
Countdown: 1
SampleSet: Normal
StackLeniency: 0.7
Mode: 3
LetterboxInBreaks: 0
SpecialStyle: 0
WidescreenStoryboard: 0

[Editor]
DistanceSpacing: 0.8
BeatDivisor: 1
GridSize: 32
TimelineZoom: 0.6

[Metadata]
Title:Dubstep
TitleUnicode:Dubstep
Artist:Maxmagix
ArtistUnicode:Maxmagix
Creator:-Rena
Version:bofezobufezbugo
Source:make
Tags:
BeatmapID:0
BeatmapSetID:-1

[Difficulty]
HPDrainRate:5
CircleSize:5
OverallDifficulty:5
ApproachRate:5
SliderMultiplier:1.4
SliderTickRate:1

[Events]
//Background and Video events
//Break Periods
//Storyboard Layer 0 (Background)
//Storyboard Layer 1 (Fail)
//Storyboard Layer 2 (Pass)
//Storyboard Layer 3 (Foreground)
//Storyboard Sound Samples

[TimingPoints]
-9.45657869615795,428.59789702683,4,1,0,100,1,0


[HitObjects]
256,192,419,1,0,0:0:0:0:
256,192,2133,1,0,0:0:0:0:
256,192,3847,1,0,0:0:0:0:
256,192,5562,1,0,0:0:0:0:
256,192,6419,1,0,0:0:0:0:
256,192,7276,1,0,0:0:0:0:
256,192,8133,1,0,0:0:0:0:
256,192,8991,1,0,0:0:0:0:
256,192,9848,1,0,0:0:0:0:
256,192,10705,1,0,0:0:0:0:
256,192,11562,1,0,0:0:0:0:
256,192,12419,1,0,0:0:0:0:
256,192,12848,1,0,0:0:0:0:
256,192,13277,1,0,0:0:0:0:
256,192,13705,128,0,14562:0:0:0:0:
256,192,15420,128,0,16277:0:0:0:0:
256,192,17134,128,0,17991:0:0:0:0:
256,192,18848,128,0,19706:0:0:0:0:
256,192,20563,128,0,21420:0:0:0:0:
256,192,22277,128,0,23134:0:0:0:0:
256,192,23992,128,0,24849:0:0:0:0:
256,192,25706,128,0,26563:0:0:0:0:
256,192,27420,1,0,0:0:0:0:
256,192,28278,1,0,0:0:0:0:
256,192,29135,1,0,0:0:0:0:
256,192,29563,1,0,0:0:0:0:
256,192,29992,1,0,0:0:0:0:
256,192,30849,1,0,0:0:0:0:
256,192,31278,1,0,0:0:0:0:
256,192,31706,1,0,0:0:0:0:
256,192,32563,1,0,0:0:0:0:
256,192,32992,1,0,0:0:0:0:
256,192,33421,1,0,0:0:0:0:
256,192,34278,1,0,0:0:0:0:
256,192,34706,1,0,0:0:0:0:
256,192,35135,1,0,0:0:0:0:
256,192,35992,1,0,0:0:0:0:
256,192,36849,1,0,0:0:0:0:
256,192,37278,1,0,0:0:0:0:
256,192,37707,1,0,0:0:0:0:
256,192,38564,1,0,0:0:0:0:
256,192,38992,1,0,0:0:0:0:
256,192,39421,1,0,0:0:0:0:
256,192,40278,1,0,0:0:0:0:
256,192,40707,1,0,0:0:0:0:
256,192,41135,1,0,0:0:0:0:
256,192,41564,1,0,0:0:0:0:
256,192,41993,1,0,0:0:0:0:
256,192,42421,1,0,0:0:0:0:
256,192,43278,1,0,0:0:0:0:
256,192,43707,1,0,0:0:0:0:
256,192,44136,1,0,0:0:0:0:
256,192,44993,1,0,0:0:0:0:
256,192,45421,1,0,0:0:0:0:
256,192,45850,1,0,0:0:0:0:
256,192,46707,1,0,0:0:0:0:
256,192,47136,1,0,0:0:0:0:
256,192,47564,1,0,0:0:0:0:
256,192,48422,128,0,49279:0:0:0:0:
256,192,50136,128,0,50993:0:0:0:0:
256,192,51850,128,0,52708:0:0:0:0:
256,192,53565,128,0,54422:0:0:0:0:
256,192,55279,1,0,0:0:0:0:
256,192,56136,1,0,0:0:0:0:
256,192,56994,128,0,57851:0:0:0:0:
256,192,58708,1,0,0:0:0:0:
256,192,59565,1,0,0:0:0:0:
256,192,60422,128,0,61280:0:0:0:0:
256,192,62137,1,0,0:0:0:0:
256,192,62994,1,0,0:0:0:0:
256,192,63851,128,0,64708:0:0:0:0:
256,192,65566,1,0,0:0:0:0:
256,192,66423,1,0,0:0:0:0:
256,192,66851,1,0,0:0:0:0:
256,192,67280,1,0,0:0:0:0:
256,192,67709,1,0,0:0:0:0:
256,192,68137,1,0,0:0:0:0:
256,192,68994,1,0,0:0:0:0:
256,192,69423,1,0,0:0:0:0:
256,192,69852,1,0,0:0:0:0:
256,192,70709,1,0,0:0:0:0:
256,192,71137,1,0,0:0:0:0:
256,192,71566,1,0,0:0:0:0:
256,192,72423,1,0,0:0:0:0:
256,192,72852,1,0,0:0:0:0:
256,192,73280,1,0,0:0:0:0:
256,192,74137,1,0,0:0:0:0:
256,192,74566,1,0,0:0:0:0:
256,192,74995,1,0,0:0:0:0:
256,192,75423,1,0,0:0:0:0:
256,192,75852,1,0,0:0:0:0:
256,192,76280,1,0,0:0:0:0:
256,192,76709,1,0,0:0:0:0:
256,192,77566,128,0,78423:0:0:0:0:
256,192,79281,128,0,80138:0:0:0:0:
256,192,80566,1,0,0:0:0:0:
256,192,80995,1,0,0:0:0:0:
256,192,81424,1,0,0:0:0:0:
256,192,81852,1,0,0:0:0:0:
256,192,82709,1,0,0:0:0:0:
256,192,83138,1,0,0:0:0:0:
256,192,83567,1,0,0:0:0:0:
256,192,84424,128,0,85281:0:0:0:0:
256,192,86138,1,0,0:0:0:0:
256,192,86567,1,0,0:0:0:0:
256,192,86995,1,0,0:0:0:0:
256,192,87853,128,0,88710:0:0:0:0:
256,192,89567,1,0,0:0:0:0:
256,192,89996,1,0,0:0:0:0:
256,192,90424,1,0,0:0:0:0:
256,192,90853,1,0,0:0:0:0:
256,192,91281,128,0,92139:0:0:0:0:
256,192,92567,1,0,0:0:0:0:
256,192,92996,1,0,0:0:0:0:
256,192,93424,1,0,0:0:0:0:
256,192,93853,1,0,0:0:0:0:
256,192,94282,1,0,0:0:0:0:
256,192,94710,128,0,95567:0:0:0:0:
256,192,95996,1,0,0:0:0:0:
256,192,96853,1,0,0:0:0:0:
256,192,97282,1,0,0:0:0:0:
256,192,97710,128,0,98568:0:0:0:0:
256,192,99425,1,0,0:0:0:0:
256,192,100282,1,0,0:0:0:0:
256,192,101139,1,0,0:0:0:0:
256,192,101996,1,0,0:0:0:0:
256,192,102425,1,0,0:0:0:0:
256,192,102854,1,0,0:0:0:0:
256,192,103282,128,0,104139:0:0:0:0:
256,192,104997,1,0,0:0:0:0:
256,192,105425,1,0,0:0:0:0:
256,192,105854,1,0,0:0:0:0:
256,192,106711,128,0,107568:0:0:0:0:
256,192,108425,1,0,0:0:0:0:
256,192,108854,1,0,0:0:0:0:
256,192,109283,1,0,0:0:0:0:
256,192,110140,1,0,0:0:0:0:
256,192,110568,1,0,0:0:0:0:
256,192,110997,1,0,0:0:0:0:
256,192,111854,1,0,0:0:0:0:
256,192,112283,1,0,0:0:0:0:
256,192,112711,1,0,0:0:0:0:
256,192,113568,128,0,114426:0:0:0:0:
256,192,115283,128,0,116140:0:0:0:0:
256,192,116997,1,0,0:0:0:0:
256,192,117426,128,0,117854:0:0:0:0:
256,192,118712,128,0,119140:0:0:0:0:
256,192,119569,1,0,0:0:0:0:
256,192,120426,1,0,0:0:0:0:
256,192,120855,1,0,0:0:0:0:
256,192,121283,1,0,0:0:0:0:
256,192,122140,128,0,122998:0:0:0:0:
256,192,123855,128,0,124712:0:0:0:0:
256,192,125569,128,0,126426:0:0:0:0:
256,192,127284,128,0,128141:0:0:0:0:
256,192,128998,1,0,0:0:0:0:
256,192,129427,1,0,0:0:0:0:
256,192,129855,1,0,0:0:0:0:
256,192,130284,1,0,0:0:0:0:
256,192,130712,128,0,131570:0:0:0:0:
256,192,132427,128,0,133284:0:0:0:0:
256,192,134141,128,0,134998:0:0:0:0:
256,192,135856,128,0,136713:0:0:0:0:
256,192,137141,1,0,0:0:0:0:
256,192,137999,1,0,0:0:0:0:
256,192,138856,1,0,0:0:0:0:
256,192,139713,1,0,0:0:0:0:
256,192,140570,1,0,0:0:0:0:
256,192,141427,1,0,0:0:0:0:
256,192,142285,1,0,0:0:0:0:
256,192,144428,1,0,0:0:0:0:
256,192,146142,1,0,0:0:0:0:
256,192,147856,1,0,0:0:0:0:
256,192,149571,1,0,0:0:0:0:
